200 2.43437
210 2.86773
220 3.00439
230 3.02127
240 2.92476
250 2.81304
260 2.65457
270 2.50862
280 2.34087
290 2.19458
300 2.03721
310 1.90324
320 1.76343
330 1.64683
340 1.52684
350 1.42325
360 1.31785
370 1.22978
380 1.14042
390 1.0635
400 0.985732
410 0.921928
420 0.857602
430 0.801701
440 0.745491
450 0.697734
460 0.649672
470 0.607896
480 0.565874
490 0.530701
500 0.495393
510 0.467897
520 0.440304
530 0.412671
540 0.384953
550 0.357203
560 0.338006
570 0.318791
580 0.299558
590 0.280274
600 0.260976
610 0.24733
620 0.233648
630 0.219958
640 0.206263
650 0.192561
660 0.182819
670 0.173096
680 0.163349
690 0.1536
700 0.143848
710 0.136816
720 0.129766
730 0.122732
740 0.115682
750 0.108644
760 0.103362
770 0.0980786
780 0.0927957
790 0.0875127
800 0.0822298
810 0.0784702
820 0.0747106
830 0.0709509
840 0.0671913
850 0.0634317
860 0.0605099
870 0.0575955
880 0.0546747
890 0.0517606
900 0.0488466
910 0.0466742
920 0.0445024
930 0.042336
940 0.0401649
950 0.0379988
960 0.0363559
970 0.0347135
980 0.0330753
990 0.0314334
1000 0.0297919
1010 0.0286713
1020 0.0275475
1030 0.026424
1040 0.0253008
1050 0.0241806
1060 0.0230578
1070 0.0219352
1080 0.0208128
1090 0.0196907
1100 0.0185689
1110 0.0178945
1120 0.017218
1130 0.0165417
1140 0.0158656
1150 0.0151896
1160 0.0145137
1170 0.0138381
1180 0.0131641
1190 0.0124887
1200 0.0118134
1210 0.0114015
1220 0.0109898
1230 0.0105781
1240 0.0101666
1250 0.00975508
1260 0.00934371
1270 0.00893349
1280 0.00852226
1290 0.00811112
1300 0.00770009
1310 0.0074362
1320 0.00717237
1330 0.00690861
1340 0.0066449
1350 0.00638126
1360 0.00611768
1370 0.00585485
1380 0.00559137
1390 0.00532794
1400 0.00506458
1410 0.00489659
1420 0.00472864
1430 0.00456073
1440 0.00439285
1450 0.00422502
1460 0.00405723
1470 0.00388993
1480 0.0037222
1490 0.0035545
1500 0.00338685
1510 0.00327758
1520 0.00316833
1530 0.00305911
1540 0.00294992
1550 0.00284075
1560 0.00273193
1570 0.00262279
1580 0.00251369
1590 0.00240461
1600 0.00229556
1610 0.00222305
1620 0.00215057
1630 0.0020781
1640 0.00200589
1650 0.00193344
1660 0.00186102
1670 0.00178861
1680 0.00171622
1690 0.00164384
1700 0.00157148
1710 0.00152336
1720 0.00147507
1730 0.00142678
1740 0.00137851
1750 0.00133025
1760 0.001282
1770 0.0012339
1780 0.00118567
1790 0.00113745
1800 0.00108924
1810 0.00105603
1820 0.00102294
1830 0.000989747
1840 0.000956556
1850 0.000923374
1860 0.000890199
1870 0.000857134
1880 0.000823971
1890 0.000790815
1900 0.000757668
1910 0.000735253
1920 0.000712929
1930 0.000690522
1940 0.000668121
1950 0.000645724
1960 0.000623334
1970 0.000601019
1980 0.000578636
1990 0.000556259
2000 0.000533887
